1	2	0	0	0	0	0	0	0	0	0	0	0	0	0	0	0	0	0	0	0	0	0	0
2	8	0	0	0	0	0	0	0	0	0	0	0	0	0	0	0	0	0	0	0	0	0	0
3	13	0	0	0	0	0	0	0	0	0	0	0	0	0	0	0	0	0	0	0	0	0	0
4	23	0	0	0	0	0	0	0	0	0	0	0	0	0	0	0	0	0	0	0	0	0	0
5	50	0	0	0	0	0	0	0	0	0	0	0	0	0	0	0	0	0	0	0	0	0	0
6	109	0	0	0	0	0	0	0	0	0	0	0	0	0	0	0	0	0	0	0	0	0	0
7	169	0	0	0	0	0	0	0	0	0	0	0	0	0	0	0	0	0	0	0	0	0	0
8	200	0	0	0	0	0	0	0	0	0	0	0	0	0	0	0	0	0	0	0	0	0	0
9	239	0	0	0	0	0	0	0	0	0	0	0	0	0	0	0	0	0	0	0	0	0	0
10	267	0	0	0	0	0	0	0	0	0	0	0	0	0	0	0	0	0	0	0	0	0	0
11	314	0	0	0	0	0	0	1	1	0	0	1	1	0	0	0	0	1	0	0	0	0	1
12	399	0	0	0	0	0	0	3	4	0	0	3	4	0	0	0	1	2	0	0	0	1	3
13	559	0	0	0	97	0	0	1	5	0	0	1	5	0	0	0	0	1	0	0	0	1	4
14	689	0	0	66	163	0	0	3	8	0	0	3	8	0	0	0	0	3	0	0	0	1	7
15	886	71	295	103	266	18	18	3	11	2	2	5	13	0	0	0	1	4	0	0	0	2	11
16	1058	90	385	104	370	14	32	3	14	3	5	6	19	0	0	0	3	3	0	0	0	5	14
17	1243	122	507	127	497	31	63	10	24	1	6	11	30	0	0	0	3	8	0	0	0	8	22
18	1486	179	686	153	650	48	111	9	33	1	7	10	40	0	0	0	1	9	0	0	0	9	31
19	1795	207	893	194	844	49	160	17	50	5	12	22	62	0	1	1	2	18	0	1	1	11	49
20	2257	288	1181	257	1101	55	215	21	71	12	24	33	95	0	0	0	9	24	0	1	1	20	73
21	2815	320	1501	283	1384	74	289	14	85	21	45	35	130	0	0	5	4	26	0	1	6	24	99
22	3401	273	1774	262	1646	61	350	33	118	7	52	40	170	0	1	3	5	31	0	2	9	29	130
23	3743	257	2031	237	1883	60	410	34	152	13	65	47	217	0	1	5	6	35	0	3	14	35	165
24	4259	412	2443	257	2140	115	525	55	207	23	88	78	295	0	0	10	9	59	0	3	24	44	224
25	4937	535	2978	581	2721	128	653	60	267	16	104	76	371	0	0	3	15	58	0	3	27	59	282
26	6235	490	3468	356	3077	183	836	89	356	18	122	107	478	0	1	8	18	80	0	4	35	77	362
27	7284	575	4043	573	3650	205	1041	77	433	25	147	102	580	0	1	5	13	83	0	5	40	90	445
28	9134	629	4672	439	4089	296	1337	81	514	47	194	128	708	0	0	9	17	102	0	5	49	107	547
29	10836	545	5217	391	4480	169	1506	87	601	54	248	141	849	0	0	6	17	118	0	5	55	124	665
30	11899	478	5695	417	4897	168	1674	85	686	64	312	149	998	0	1	2	25	121	0	6	57	149	786
31	12775	553	6248	92	4989	436	2110	134	820	36	348	170	1168	1	0	12	10	147	1	6	69	159	933
32	13964	584	6832	231	5220	363	2473	123	943	85	433	208	1376	0	1	12	24	171	1	7	81	183	1104
33	15348	568	7400	163	5383	377	2850	124	1067	108	541	232	1608	0	1	15	21	195	1	8	96	204	1299
34	16770	504	7904	130	5513	375	3225	135	1202	84	625	219	1827	0	0	13	40	166	1	8	109	244	1465
35	18431	499	8403	18	5531	504	3729	116	1318	120	745	236	2063	0	0	11	27	198	1	8	120	271	1663
36	19691	358	8761	89	5620	235	3964	138	1456	132	877	270	2333	0	1	12	22	235	1	9	132	293	1898
37	20814	314	9075	139	5759	171	4135	129	1585	117	994	246	2579	0	3	10	37	196	1	12	142	330	2094
38	22194	490	9565	-44	5715	524	4659	108	1693	149	1143	257	2836	0	1	11	29	216	1	13	153	359	2310
39	23403	459	10024	-99	5616	483	5142	123	1816	154	1297	277	3113	0	2	12	25	238	1	15	165	384	2548
40	24983	462	10486	20	5636	404	5546	119	1935	202	1499	321	3434	0	1	12	31	277	1	16	177	415	2825
41	26667	421	10907	27	5663	418	5964	113	2048	158	1657	271	3705	0	1	12	26	232	1	17	189	441	3057
42	28018	393	11300	-226	5437	482	6446	122	2170	180	1837	302	4007	0	0	11	26	265	1	17	200	467	3322
43	29647	270	11570	4	5441	239	6685	121	2291	164	2001	285	4292	0	0	16	27	242	1	17	216	494	3564
44	30589	242	11812	113	5554	161	6846	103	2394	162	2163	265	4557	0	1	18	24	222	1	18	234	518	3786
45	33573	250	12062	-22	5532	239	7085	113	2507	164	2327	277	4834	0	1	17	26	233	1	19	251	544	4019
46	34809	310	12372	-201	5331	455	7540	120	2627	141	2468	261	5095	0	1	12	18	230	1	20	263	562	4249
47	36138	320	12692	-150	5181	399	7939	120	2747	160	2628	280	5375	0	0	15	31	234	1	20	278	593	4483
48	37183	303	12995	-93	5088	387	8326	96	2843	150	2778	246	5621	0	0	7	25	214	1	20	285	618	4697
49	38496	265	13260	-196	4892	409	8735	77	2920	128	2906	205	5826	0	0	8	31	166	1	20	293	649	4863
50	39983	232	13492	48	4940	138	8873	69	2989	139	3045	208	6034	0	1	8	29	170	1	21	301	678	5033
51	40956	172	13664	56	4996	106	8979	92	3081	98	3143	190	6224	0	1	3	14	172	1	22	304	692	5205
52	41889	263	13927	-231	4765	432	9411	88	3169	118	3261	206	6430	0	1	9	21	175	1	23	313	713	5380
53	42797	211	14138	-238	4527	367	9778	81	3250	122	3383	203	6633	0	0	5	18	180	1	23	318	731	5560
54	44293	210	14348	-172	4355	322	10100	89	3339	92	3475	181	6814	0	0	11	14	156	1	23	329	745	5716
55	45325	217	14565	-160	4195	295	10395	73	3412	83	3558	156	6970	0	0	10	21	125	1	23	339	766	5841
56	46134	202	14767	-238	3957	368	10763	82	3494	73	3631	155	7125	0	0	8	20	127	1	23	347	786	5968
57	46687	127	14894	11	3968	93	10856	66	3560	76	3707	142	7267	0	1	7	20	114	1	24	354	806	6082
58	47334	123	15017	8	3976	65	10921	70	3630	84	3791	154	7421	0	1	13	13	127	1	25	367	819	6209
59	47859	174	15191	-243	3733	340	11261	68	3698	67	3858	135	7556	0	0	9	16	110	1	25	376	835	6319
60	48519	178	15369	-124	3609	293	11554	55	3753	55	3913	110	7666	0	0	6	19	85	1	25	382	854	6404
61	49032	152	15521	-223	3386	316	11870	50	3803	57	3970	107	7773	0	1	6	10	90	1	26	388	864	6494
62	49517	128	15649	-277	3109	319	12189	37	3840	50	4020	87	7860	0	1	5	8	73	1	27	393	872	6567
63	49906	77	15726	-29	3080	98	12287	48	3888	45	4065	93	7953	0	0	4	17	72	1	27	397	889	6639
64	50267	59	15785	-36	3044	69	12356	41	3929	34	4099	75	8028	0	2	4	7	62	1	29	401	896	6701
65	50509	84	15869	38	3082	63	12419	56	3985	38	4137	94	8122	0	0	6	16	72	1	29	407	912	6773
66	50781	116	15985	-214	2868	295	12714	51	4036	44	4181	95	8217	0	0	4	11	80	1	29	411	923	6853
67	51420	98	16083	-169	2699	244	12958	37	4073	44	4225	81	8298	0	0	1	10	70	1	29	412	933	6923
68	52001	108	16191	-144	2555	221	13179	39	4112	37	4262	76	8374	0	0	3	12	61	1	29	415	945	6984
69	52596	75	16266	-174	2381	210	13389	37	4149	34	4296	71	8445	0	0	4	8	59	1	29	419	953	7043
70	53081	83	16349	-159	2222	231	13620	36	4185	38	4334	74	8519	0	1	4	4	65	1	30	423	957	7108
71	53449	60	16409	0	2222	55	13675	35	4220	36	4370	71	8590	0	0	6	3	62	1	30	429	960	7170
72	53779	43	16452	8	2230	35	13710	34	4254	38	4408	72	8662	0	0	2	3	67	1	30	431	963	7237
73	53981	70	16522	-145	2085	206	13916	29	4283	36	4444	65	8727	0	0	5	6	54	1	30	436	969	7291
74	54288	81	16603	-119	1966	173	14089	30	4313	15	4459	45	8772	0	1	5	2	37	1	31	441	971	7328
75	54644	67	16670	-104	1862	190	14279	35	4348	21	4480	56	8828	0	1	3	7	45	1	32	444	978	7373
76	54989	65	16735	-112	1750	159	14438	25	4373	18	4498	43	8871	0	1	4	3	35	1	33	448	981	7408
77	55280	60	16795	-125	1625	170	14608	22	4395	23	4521	45	8916	0	0	3	4	38	1	33	451	985	7446
78	55559	43	16838	-11	1614	27	14635	16	4411	14	4535	30	8946	0	2	2	3	23	1	35	453	988	7469
79	55791	50	16888	16	1630	30	14665	21	4432	10	4545	31	8977	0	0	1	3	27	1	35	454	991	7496
80	55983	58	16946	-103	1527	160	14825	22	4454	15	4560	37	9014	0	0	4	2	31	1	35	458	993	7527
81	56235	71	17017	-79	1448	141	14966	21	4475	12	4572	33	9047	0	0	1	4	28	1	35	459	997	7555
82	56511	56	17073	-60	1388	135	15101	14	4489	16	4588	30	9077	0	1	4	3	22	1	36	463	1000	7577
83	56810	34	17107	-28	1360	32	15133	15	4504	19	4607	34	9111	0	0	0	6	28	1	36	463	1006	7605
84	57092	48	17155	-64	1296	117	15250	23	4527	18	4625	41	9152	0	0	3	1	37	1	36	466	1007	7642
85	57342	27	17182	10	1306	25	15275	20	4547	5	4630	25	9177	0	0	1	3	21	1	36	467	1010	7663
86	57455	39	17221	-2	1304	23	15298	16	4563	17	4647	33	9210	0	0	2	4	27	1	36	469	1014	7690
87	57592	36	17257	-154	1150	145	15443	19	4582	7	4654	26	9236	0	0	0	0	26	1	36	469	1014	7716
88	57849	49	17306	-100	1050	108	15551	18	4600	6	4660	24	9260	0	0	2	3	19	1	36	471	1017	7735
89	58061	27	17333	-111	939	109	15660	17	4617	7	4667	24	9284	0	0	2	3	19	1	36	473	1020	7754
90	58186	29	17362	-47	892	87	15747	15	4632	11	4678	26	9310	0	0	0	3	23	1	36	473	1023	7777
91	58381	40	17402	-69	823	118	15865	8	4640	8	4686	16	9326	0	0	1	3	12	1	36	474	1026	7789
92	58517	25	17427	-5	818	33	15898	14	4654	9	4695	23	9349	0	0	1	2	20	1	36	475	1028	7809
93	58615	26	17453	3	821	14	15912	13	4667	9	4704	22	9371	0	1	1	3	17	1	37	476	1031	7826
94	58685	31	17484	0	821	25	15937	11	4678	10	4714	21	9392	0	0	1	2	18	1	37	477	1033	7844
95	58767	21	17505	-82	739	89	16026	16	4694	7	4721	23	9415	0	0	1	7	15	1	37	478	1040	7859
96	58907	32	17537	-37	702	64	16090	13	4707	7	4728	20	9435	0	0	1	3	16	1	37	479	1043	7875
97	59072	26	17563	-55	647	78	16168	5	4712	9	4737	14	9449	0	0	1	1	12	1	37	480	1044	7887
98	59226	21	17584	-74	573	101	16269	8	4720	4	4741	12	9461	0	0	1	1	10	1	37	481	1045	7897
99	59348	23	17607	3	576	24	16293	8	4728	3	4744	11	9472	0	0	2	1	8	1	37	483	1046	7905
100	59437	16	17623	-1	575	9	16302	10	4738	2	4746	12	9484	0	0	1	2	9	1	37	484	1048	7914
101	59569	24	17647	-48	527	68	16370	8	4746	1	4747	9	9493	0	0	2	4	3	1	37	486	1052	7917
102	59711	19	17666	-43	484	61	16431	8	4754	4	4751	12	9505	0	0	1	4	7	1	37	487	1056	7924
103	59819	32	17698	-5	479	45	16476	7	4761	5	4756	12	9517	0	0	0	1	11	1	37	487	1057	7935
104	59918	23	17721	-54	425	51	16527	6	4767	1	4757	7	9524	0	0	0	2	5	1	37	487	1059	7940
105	60029	12	17733	-30	395	42	16569	4	4771	6	4763	10	9534	0	0	1	3	6	1	37	488	1062	7946
106	60100	17	17750	5	400	21	16590	3	4774	2	4765	5	9539	0	0	0	1	4	1	37	488	1063	7950
107	60155	11	17761	-5	395	15	16605	3	4777	0	4765	3	9542	0	0	0	1	2	1	37	488	1064	7952
108	60244	24	17785	-24	371	57	16662	3	4780	5	4770	8	9550	0	0	0	1	7	1	37	488	1065	7959
109	60348	19	17804	-27	344	40	16702	5	4785	2	4772	7	9557	0	0	0	0	7	1	37	488	1065	7966
110	60476	20	17824	-4	340	27	16729	7	4792	0	4772	7	9564	0	0	1	3	3	1	37	489	1068	7969
111	60550	20	17844	-32	308	42	16771	2	4794	3	4775	5	9569	0	0	1	1	3	1	37	490	1069	7972
112	0	18	17862	-16	292	23	16794	4	4798	0	4775	4	9573	0	0	0	0	4	1	37	490	1069	7976
113	0	10	17872	3	295	12	16806	0	4798	3	4778	3	9576	0	0	0	0	3	1	37	490	1069	7979
114	0	12	17884	-2	293	16	16822	6	4804	3	4781	9	9585	0	1	4	0	4	1	38	494	1069	7983
115	0	12	17896	-12	281	36	16858	10	4814	2	4783	12	9597	0	0	1	2	9	1	38	495	1071	7992
116	0	16	17912	-13	268	32	16890	2	4816	2	4785	4	9601	0	0	0	0	4	1	38	495	1071	7996
117	0	19	17931	-12	256	28	16918	2	4818	1	4786	3	9604	0	0	0	0	3	1	38	495	1071	7999
118	0	18	17949	-9	247	23	16941	4	4822	1	4787	5	9609	0	0	0	0	5	1	38	495	1071	8004
119	0	16	17965	-10	237	29	16970	1	4823	1	4788	2	9611	0	0	0	1	1	1	38	495	1072	8005
120	0	5	17970	0	237	10	16980	5	4828	3	4791	8	9619	0	0	0	1	7	1	38	495	1073	8012
121	0	13	17983	7	244	7	16987	5	4833	0	4791	5	9624	0	0	1	1	3	1	38	496	1074	8015
122	0	17	18000	-22	222	34	17021	2	4835	1	4792	3	9627	0	0	0	2	1	1	38	496	1076	8016
123	0	9	18009	-19	203	23	17044	7	4842	1	4793	8	9635	0	0	1	1	6	1	38	497	1077	8022
124	0	13	18022	-16	187	29	17073	2	4844	0	4793	2	9637	0	0	0	0	2	1	38	497	1077	8024
125	0	5	18027	-19	168	18	17091	5	4849	0	4793	5	9642	0	0	0	1	4	1	38	497	1078	8028
126	0	16	18043	2	170	16	17107	2	4851	0	4793	2	9644	0	0	0	2	0	1	38	497	1080	8028
127	0	6	18049	0	170	9	17116	2	4853	1	4794	3	9647	0	0	0	1	2	1	38	497	1081	8030
128	0	9	18058	-1	169	6	17122	1	4854	1	4795	2	9649	0	0	0	0	2	1	38	497	1081	8032
129	0	15	18073	9	178	16	17138	0	4854	1	4796	1	9650	0	0	0	0	1	1	38	497	1081	8033
130	0	9	18082	-13	165	21	17159	2	4856	1	4797	3	9653	0	0	1	0	2	1	38	498	1081	8035
131	0	10	18092	-5	160	20	17179	1	4857	0	4797	1	9654	0	0	0	0	1	1	38	498	1081	8036
132	0	6	18098	-17	143	17	17196	1	4858	1	4798	2	9656	0	0	0	0	2	1	38	498	1081	8038
133	0	9	18107	-11	132	18	17214	0	4858	0	4798	0	9656	0	0	0	0	0	1	38	498	1081	8038
134	0	7	18114	-2	130	4	17218	2	4860	0	4798	2	9658	0	0	1	0	1	1	38	499	1081	8039
135	0	9	18123	8	138	5	17223	2	4862	2	4800	4	9662	1	0	0	0	3	2	38	499	1081	8042
136	0	18	18141	9	147	19	17242	0	4862	0	4800	0	9662	0	0	0	0	0	2	38	499	1081	8042
137	0	9	18150	3	150	11	17253	2	4864	1	4801	3	9665	0	0	0	0	3	2	38	499	1081	8045
138	0	12	18162	-3	147	16	17269	4	4868	1	4802	5	9670	0	0	2	1	2	2	38	501	1082	8047
139	0	8	18170	-2	145	20	17289	4	4872	1	4803	5	9675	0	0	0	1	4	2	38	501	1083	8051
140	0	23	18193	16	161	18	17307	2	4874	0	4803	2	9677	0	0	0	1	1	2	38	501	1084	8052
141	0	15	18208	7	168	9	17316	2	4876	1	4804	3	9680	0	1	0	1	1	2	39	501	1085	8053
142	0	13	18221	13	181	5	17321	1	4877	0	4804	1	9681	0	0	0	1	0	2	39	501	1086	8053
143	0	5	18226	-9	172	17	17338	2	4879	0	4804	2	9683	1	0	0	1	0	3	39	501	1087	8053
144	0	19	18245	19	191	9	17347	1	4880	0	4804	1	9684	0	0	0	0	1	3	39	501	1087	8054
145	0	24	18269	12	203	22	17369	2	4882	0	4804	2	9686	0	0	0	1	1	3	39	501	1088	8055
146	0	28	18297	15	218	25	17394	2	4884	0	4804	2	9688	0	0	0	0	2	3	39	501	1088	8057
147	0	21	18318	-8	210	32	17426	5	4889	0	4804	5	9693	0	0	0	1	4	3	39	501	1089	8061
148	0	14	18332	1	211	13	17439	1	4890	0	4804	1	9694	0	0	0	0	1	3	39	501	1089	8062
149	0	20	18352	11	222	14	17453	1	4891	1	4805	2	9696	0	0	1	0	1	3	39	502	1089	8063
150	0	35	18387	10	232	24	17477	3	4894	1	4806	4	9700	0	0	1	0	3	3	39	503	1089	8066
151	0	33	18420	31	263	15	17492	1	4895	0	4806	1	9701	0	0	0	1	0	3	39	503	1090	8066
152	0	20	18440	4	267	21	17513	2	4897	1	4807	3	9704	0	0	0	1	2	3	39	503	1091	8068
153	0	11	18451	-14	253	33	17546	1	4898	1	4808	2	9706	0	0	0	0	2	3	39	503	1091	8070
154	0	26	18477	6	259	27	17573	3	4901	0	4808	3	9709	0	0	0	0	3	3	39	503	1091	8073
155	0	23	18500	12	271	17	17590	1	4902	1	4809	2	9711	0	0	0	0	2	3	39	503	1091	8075
156	0	24	18524	19	290	8	17598	3	4905	2	4811	5	9716	0	0	0	1	4	3	39	503	1092	8079
157	0	18	18542	-25	265	41	17639	2	4907	1	4812	3	9719	0	0	0	1	2	3	39	503	1093	8081
158	0	41	18583	28	293	22	17661	5	4912	0	4812	5	9724	0	0	1	0	4	3	39	504	1093	8085
159	0	28	18611	-15	278	39	17700	4	4916	1	4813	5	9729	0	1	0	1	3	3	40	504	1094	8088
160	0	27	18638	7	285	28	17728	1	4917	3	4816	4	9733	0	0	0	0	4	3	40	504	1094	8092
161	0	31	18669	-4	281	39	17767	3	4920	3	4819	6	9739	0	0	0	0	6	3	40	504	1094	8098
162	0	20	18689	4	285	14	17781	2	4922	0	4819	2	9741	0	0	0	0	2	3	40	504	1094	8100
163	0	33	18722	27	312	12	17793	4	4926	1	4820	5	9746	0	1	0	0	4	3	41	504	1094	8104
164	0	48	18770	-5	307	49	17842	7	4933	4	4824	11	9757	0	0	1	4	6	3	41	505	1098	8110
165	0	30	18800	-6	301	42	17884	11	4944	2	4826	13	9770	0	0	2	0	11	3	41	507	1098	8121
166	0	42	18842	8	309	30	17914	8	4952	3	4829	11	9781	0	0	1	1	9	3	41	508	1099	8130
167	0	28	18870	3	312	28	17942	5	4957	7	4836	12	9793	0	0	1	3	8	3	41	509	1102	8138
168	0	35	18905	-3	309	40	17982	6	4963	6	4842	12	9805	1	0	0	0	11	4	41	509	1102	8149
169	0	28	18933	28	337	13	17995	4	4967	5	4847	9	9814	0	0	1	0	8	4	41	510	1102	8157
170	0	14	18947	4	341	9	18004	6	4973	1	4848	7	9821	0	0	0	1	6	4	41	510	1103	8163
171	0	31	18978	-6	335	45	18049	5	4978	2	4850	7	9828	0	0	0	1	6	4	41	510	1104	8169
172	0	35	19013	-1	334	30	18079	11	4989	0	4850	11	9839	0	1	2	3	5	4	42	512	1107	8174
173	0	25	19038	-31	303	53	18132	2	4991	7	4857	9	9848	0	0	0	0	9	4	42	512	1107	8183
174	0	27	19065	11	314	34	18166	2	4993	2	4859	4	9852	0	0	0	1	3	4	42	512	1108	8186
175	0	22	19087	-4	310	39	18205	1	4994	2	4861	3	9855	0	0	0	0	3	4	42	512	1108	8189
176	0	16	19103	2	312	21	18226	4	4998	1	4862	5	9860	0	0	1	1	3	4	42	513	1109	8192
177	0	16	19119	8	320	17	18243	3	5001	0	4862	3	9863	0	0	0	0	3	4	42	513	1109	8195
178	0	12	19131	-38	282	49	18292	4	5005	1	4863	5	9868	0	0	1	1	3	4	42	514	1110	8198
179	0	20	19151	-22	260	40	18332	5	5010	0	4863	5	9873	0	0	0	1	4	4	42	514	1111	8202
180	0	18	19169	-3	257	30	18362	2	5012	2	4865	4	9877	0	0	1	0	3	4	42	515	1111	8205
181	0	18	19187	-5	252	22	18384	3	5015	0	4865	3	9880	0	1	1	0	1	4	43	516	1111	8206
182	0	6	19193	-22	230	21	18405	2	5017	2	4867	4	9884	0	0	1	0	3	4	43	517	1111	8209
183	0	13	19206	3	233	12	18417	5	5022	1	4868	6	9890	0	0	1	0	5	4	43	518	1111	8214
184	0	14	19220	10	243	7	18424	1	5023	0	4868	1	9891	0	0	0	0	1	4	43	518	1111	8215
185	0	24	19244	-17	226	35	18459	2	5025	1	4869	3	9894	0	0	0	1	2	4	43	518	1112	8217
186	0	24	19268	-5	221	33	18492	2	5027	1	4870	3	9897	0	1	0	0	2	4	44	518	1112	8219
187	0	11	19279	-12	209	23	18515	2	5029	0	4870	2	9899	0	0	2	0	0	4	44	520	1112	8219
188	0	18	19297	6	215	21	18536	2	5031	2	4872	4	9903	0	0	0	1	3	4	44	520	1113	8222
189	0	14	19311	0	215	21	18557	0	5031	2	4874	2	9905	0	0	0	1	1	4	44	520	1114	8223
190	0	14	19325	8	223	10	18567	1	5032	0	4874	1	9906	0	0	1	0	0	4	44	521	1114	8223
191	0	24	19349	12	235	9	18576	2	5034	0	4874	2	9908	0	0	0	1	1	4	44	521	1115	8224
192	0	40	19389	25	260	26	18602	4	5038	0	4874	4	9912	0	0	1	1	2	4	44	522	1116	8226
193	0	23	19412	-10	250	33	18635	3	5041	0	4874	3	9915	0	0	2	0	1	4	44	524	1116	8227
194	0	23	19435	-1	249	24	18659	2	5043	0	4874	2	9917	0	0	0	0	2	4	44	524	1116	8229
195	0	28	19463	5	254	30	18689	3	5046	0	4874	3	9920	0	0	0	2	1	4	44	524	1118	8230
196	0	34	19497	6	260	21	18710	4	5050	1	4875	5	9925	0	0	1	1	3	4	44	525	1119	8233
197	0	41	19538	33	293	14	18724	1	5051	0	4875	1	9926	0	0	0	0	1	4	44	525	1119	8234
198	0	31	19569	25	318	14	18738	1	5052	0	4875	1	9927	0	0	0	0	1	4	44	525	1119	8235
199	0	47	19616	-3	315	52	18790	2	5054	2	4877	4	9931	0	0	1	1	2	4	44	526	1120	8237
200	0	42	19658	38	353	21	18811	2	5056	1	4878	3	9934	0	0	0	0	3	4	44	526	1120	8240
201	0	47	19705	18	371	44	18855	1	5057	1	4879	2	9936	0	0	0	0	2	4	44	526	1120	8242
202	0	48	19753	21	392	55	18910	0	5057	1	4880	1	9937	0	0	0	0	1	4	44	526	1120	8243
203	0	55	19808	29	421	37	18947	5	5062	1	4881	6	9943	0	0	0	1	5	4	44	526	1121	8248
204	0	47	19855	11	432	20	18967	7	5069	1	4882	8	9951	0	0	1	1	6	4	44	527	1122	8254
205	0	58	19913	58	490	18	18985	2	5071	1	4883	3	9954	0	0	0	0	3	4	44	527	1122	8257
206	0	68	19981	15	505	62	19047	3	5074	0	4883	3	9957	0	0	1	0	2	4	44	528	1122	8259
207	0	70	20051	45	550	40	19087	1	5075	0	4883	1	9958	0	0	0	0	1	4	44	528	1122	8260
208	0	83	20134	52	602	43	19130	6	5081	2	4885	8	9966	0	0	0	2	6	4	44	528	1124	8266
209	0	72	20206	18	620	61	19191	4	5085	0	4885	4	9970	0	0	0	0	4	4	44	528	1124	8270
210	0	51	20257	6	626	62	19253	5	5090	0	4885	5	9975	0	0	1	0	4	4	44	529	1124	8274
211	0	46	20303	28	654	29	19282	4	5094	2	4887	6	9981	0	0	1	1	4	4	44	530	1125	8278
212	0	61	20364	54	708	26	19308	7	5101	5	4892	12	9993	0	0	1	3	8	4	44	531	1128	8286
213	0	84	20448	8	716	85	19393	11	5112	2	4894	13	10006	0	0	3	3	7	4	44	534	1131	8293
214	0	84	20532	23	739	68	19461	8	5120	2	4896	10	10016	0	0	0	1	9	4	44	534	1132	8302
215	0	87	20619	32	771	67	19528	5	5125	1	4897	6	10022	0	0	1	2	3	4	44	535	1134	8305
216	0	66	20685	18	789	50	19578	14	5139	1	4898	15	10037	0	0	2	3	10	4	44	537	1137	8315
217	0	73	20758	30	819	74	19652	9	5148	2	4900	11	10048	0	0	0	2	9	4	44	537	1139	8324
218	0	86	20844	47	866	34	19686	14	5162	1	4901	15	10063	0	0	0	4	11	4	44	537	1143	8335
219	0	87	20931	71	937	33	19719	12	5174	2	4903	14	10077	0	0	0	1	13	4	44	537	1144	8348
220	0	104	21035	15	952	93	19812	10	5184	4	4907	14	10091	0	0	2	0	12	4	44	539	1144	8360
221	0	132	21167	98	1050	83	19895	11	5195	7	4914	18	10109	0	0	1	2	15	4	44	540	1146	8375
222	0	124	21291	60	1110	86	19981	15	5210	5	4919	20	10129	0	1	0	3	16	4	45	540	1149	8391
223	0	142	21433	79	1189	91	20072	16	5226	4	4923	20	10149	0	0	3	5	12	4	45	543	1154	8403
224	0	160	21593	68	1257	130	20202	18	5244	1	4924	19	10168	0	0	1	1	17	4	45	544	1155	8420
225	0	131	21724	74	1331	71	20273	17	5261	5	4929	22	10190	0	0	1	5	16	4	45	545	1160	8436
226	0	165	21889	142	1473	52	20325	19	5280	6	4935	25	10215	0	0	0	3	22	4	45	545	1163	8458
227	0	211	22100	148	1621	127	20452	28	5308	8	4943	36	10251	0	0	2	4	30	4	45	547	1167	8488
228	0	255	22355	157	1778	135	20587	19	5327	15	4958	34	10285	0	0	0	4	30	4	45	547	1171	8518
229	0	284	22639	173	1951	133	20720	32	5359	9	4967	41	10326	0	0	1	6	34	4	45	548	1177	8552
230	0	240	22879	148	2099	147	20867	27	5386	8	4975	35	10361	0	0	1	7	27	4	45	549	1184	8579
231	0	352	23231	168	2267	210	21077	30	5416	5	4980	35	10396	0	0	0	3	32	4	45	549	1187	8611
232	0	263	23494	230	2497	83	21160	20	5436	3	4983	23	10419	0	1	1	5	16	4	46	550	1192	8627
233	0	263	23757	276	2773	57	21217	23	5459	8	4991	31	10450	0	0	3	3	25	4	46	553	1195	8652
234	0	411	24168	196	2969	262	21479	36	5495	11	5002	50	10500	0	0	3	6	41	4	46	556	1201	8693
235	0	423	24591	306	3275	242	21721	32	5527	18	5020	50	10550	0	0	4	4	42	4	46	560	1205	8735
236	0	496	25087	374	3649	269	21990	43	5570	13	5033	56	10606	0	0	2	9	45	4	46	562	1214	8780
237	0	594	25681	408	4057	317	22307	42	5612	12	5045	54	10660	0	0	0	9	45	4	46	562	1223	8825
238	0	593	26274	351	4408	351	22658	74	5686	21	5066	95	10755	0	1	5	8	81	4	47	567	1231	8906
239	0	509	26783	417	4825	213	22871	68	5754	20	5086	88	10843	0	0	6	11	71	4	47	573	1242	8977
240	0	527	27310	435	5260	169	23040	66	5820	28	5114	94	10937	0	1	2	16	75	4	48	575	1258	9052
241	0	690	28000	289	5549	475	23515	91	5911	28	5142	119	11056	0	0	7	16	96	4	48	582	1274	9148
242	0	743	28743	375	5924	465	23980	87	5998	43	5185	130	11186	0	0	8	15	107	4	48	590	1289	9255
243	0	673	29416	263	6187	474	24454	98	6096	32	5217	130	11316	0	1	5	19	105	4	49	595	1308	9360
244	0	720	30136	251	6438	463	24917	98	6194	13	5230	111	11427	0	1	7	17	86	4	50	602	1325	9446
